b=[[213.555951000000,0.0506026018400000]	[154.330633000000,0.0307850018400000]
[200.282993500000,0.0427238794400000]	[139.805353000000,0.0236967794400000]
[201.025363500000,0.0415927680000000]	[144.443768000000,0.0179846680000000]
[211.985978500000,0.0442508794400000]	[155.114633000000,0.0285227794400000]
[203.199268500000,0.0458888794400000]	[155.114633000000,0.0285227794400000]
[203.279553500000,0.0463271849100000]	[155.491933000000,0.0274340849100000]
[181.005636500000,0.0504364794400000]	[142.993368000000,0.0221697794400000]
[183.749636500000,0.0425187010400000]	[145.737368000000,0.0142520010400000]
[184.228226000000,0.0435876010400000]	[145.737368000000,0.0142520010400000]
[179.490126000000,0.0463383511100000]	[145.428668000000,0.0151427511100000]
[208.063231500000,0.0417651175100000]	[158.725933000000,0.0181024175100000]
[191.843874000000,0.0428177291900000]	[144.095868000000,0.0189885291900000]
[191.878416500000,0.0343747010400000]	[157.858633000000,0.0206050010400000]
[184.015216500000,0.0310944785600000]	[146.874168000000,0.0109717785600000]
[201.590966500000,0.0462937849100000]	[155.491933000000,0.0274340849100000]
[202.680994000000,0.0362659511100000]	[157.549933000000,0.0214957511100000]
[185.969700500000,0.0426312794400000]	[142.993368000000,0.0221697794400000]
[173.594211000000,0.0507072680000000]	[144.443768000000,0.0179846680000000]
[191.379659000000,0.0404989511100000]	[162.699203000000,0.0217597511100000]
[206.962333500000,0.0459367680000000]	[156.565033000000,0.0243376680000000]
[203.220751000000,0.0371423785600000]	[146.874168000000,0.0109717785600000]
[202.083951000000,0.0404226010400000]	[145.737368000000,0.0142520010400000]
[190.490494000000,0.0411438681600000]	[161.008703000000,0.0266376681600000]
[192.387210500000,0.0388441681600000]	[161.008703000000,0.0266376681600000]
[216.159736000000,0.0437593789600000]	[157.231433000000,0.0224147789600000]
[217.021948500000,0.0393871010400000]	[157.858633000000,0.0206050010400000]
[180.200160000000,0.0392639287500000]	[142.848253000000,0.0149165287500000]
[174.579111000000,0.0478653511100000]	[145.428668000000,0.0151427511100000]
[201.447895500000,0.0393390291900000]	[156.217133000000,0.0253415291900000]
[199.164679000000,0.0470822018400000]	[154.330633000000,0.0307850018400000]
[193.346004000000,0.0562758681600000]	[143.738168000000,0.0200206681600000]
[194.878891500000,0.0555123680000000]	[144.443768000000,0.0179846680000000]
[206.083906000000,0.0505962680000000]	[156.565033000000,0.0243376680000000]
[192.001231500000,0.0451584511100000]	[145.428668000000,0.0151427511100000]
[203.069741000000,0.0448176845900000]	[156.903133000000,0.0233620845900000]
[202.368389000000,0.0467342018400000]	[154.330633000000,0.0307850018400000]
[202.292191000000,0.0410871291900000]	[156.217133000000,0.0253415291900000]
[177.546286500000,0.0401794511100000]	[145.428668000000,0.0151427511100000]
[192.579111000000,0.0478653511100000]	[157.549933000000,0.0214957511100000]
[191.594211000000,0.0507072680000000]	[156.565033000000,0.0243376680000000]
[210.571021000000,0.0413070173900000]	[159.255133000000,0.0165754173900000]
[215.556451000000,0.0451591291900000]	[156.217133000000,0.0253415291900000]
[201.912041000000,0.0478292681600000]	[155.859433000000,0.0263736681600000]
[206.312485000000,0.0404079291900000]	[156.217133000000,0.0253415291900000]
[176.652838500000,0.0424784342400000]	[146.325368000000,0.0125553342400000]
[176.064838500000,0.0441751010400000]	[145.737368000000,0.0142520010400000]
[204.915263500000,0.0505036297100000]	[153.923933000000,0.0319585297100000]
[205.718863500000,0.0481848517500000]	[154.727533000000,0.0296397517500000]
[188.415780500000,0.0411521680000000]	[144.443768000000,0.0179846680000000]
[187.710180500000,0.0431881681600000]	[143.738168000000,0.0200206681600000]
[200.319763500000,0.0436287681600000]	[161.008703000000,0.0266376681600000]
[199.952263500000,0.0446891849100000]	[160.641203000000,0.0276980849100000]
[185.412041000000,0.0478292681600000]	[143.738168000000,0.0200206681600000]
[185.769741000000,0.0467971291900000]	[144.095868000000,0.0189885291900000]
[203.821576000000,0.0370151287500000]	[158.157533000000,0.0197425287500000]
[207.161491000000,0.0368703789600000]	[157.231433000000,0.0224147789600000]
[200.591525000000,0.0363359291900000]	[156.217133000000,0.0253415291900000]
[199.690011000000,0.0469243789600000]	[157.231433000000,0.0224147789600000]
[181.503964000000,0.0406099511100000]	[145.428668000000,0.0151427511100000]
[181.868553500000,0.0416788511100000]	[145.428668000000,0.0151427511100000]
[186.784041000000,0.0438703789600000]	[145.110168000000,0.0160617789600000]
[188.035206500000,0.0359124789600000]	[145.110168000000,0.0160617789600000]
[187.142433000000,0.0295724175100000]	[146.604668000000,0.0117494175100000]
[185.966433000000,0.0329657511100000]	[162.699203000000,0.0217597511100000]
[195.261778500000,0.0433917681600000]	[143.738168000000,0.0200206681600000]
[212.233393500000,0.0385387680000000]	[156.565033000000,0.0243376680000000]
[191.231395500000,0.0425202794400000]	[160.263903000000,0.0287867794400000]
[198.368804000000,0.0374698680000000]	[161.714303000000,0.0246016680000000]
[199.361711000000,0.0478716845900000]	[156.903133000000,0.0233620845900000]
[201.419451500000,0.0428014789600000]	[157.231433000000,0.0224147789600000]
[188.625951000000,0.0574133511100000]	[157.549933000000,0.0214957511100000]
[170.546091000000,0.0473139342400000]	[146.325368000000,0.0125553342400000]
[182.586726000000,0.0483241291900000]	[144.095868000000,0.0189885291900000]
[201.363463500000,0.0406171845900000]	[162.052403000000,0.0236260845900000]
[207.880921000000,0.0490692680000000]	[156.565033000000,0.0243376680000000]
[192.674521000000,0.0453366010400000]	[145.737368000000,0.0142520010400000]
[192.693616500000,0.0372012291900000]	[161.366403000000,0.0256055291900000]
[189.155976000000,0.0447066849100000]	[140.182653000000,0.0226080849100000]
[206.186248500000,0.0475061849100000]	[155.491933000000,0.0274340849100000]
[206.186248500000,0.0475061849100000]	[155.491933000000,0.0274340849100000]
[187.710141000000,0.0411981287500000]	[146.036268000000,0.0133895287500000]
[186.455741000000,0.0448176845900000]	[144.781868000000,0.0170090845900000]
[172.124978500000,0.0321796291900000]	[144.095868000000,0.0189885291900000]
[176.831393500000,0.0237636287500000]	[146.036268000000,0.0133895287500000]
[188.947008000000,0.0324675287500000]	[146.036268000000,0.0133895287500000]
[188.103623000000,0.0345600845900000]	[144.781868000000,0.0170090845900000]
[202.692679000000,0.0369022010400000]	[157.858633000000,0.0206050010400000]
[189.226206500000,0.0474327010400000]	[157.858633000000,0.0206050010400000]
[196.447008000000,0.0324675287500000]	[158.157533000000,0.0197425287500000]
[194.712787500000,0.0378466789600000]	[157.231433000000,0.0224147789600000]
[201.894296000000,0.0326690175100000]	[158.725933000000,0.0181024175100000]
[192.249138500000,0.0513498517500000]	[154.727533000000,0.0296397517500000]
[214.102778500000,0.0381428789600000]	[157.231433000000,0.0224147789600000]
[212.571493500000,0.0375631845900000]	[156.903133000000,0.0233620845900000]
[211.857481000000,0.0565812680000000]	[156.565033000000,0.0243376680000000]
[204.237548500000,0.0425371010400000]	[157.858633000000,0.0206050010400000]
[193.204788500000,0.0384148789600000]	[145.110168000000,0.0160617789600000]
[195.041263500000,0.0400408511100000]	[145.428668000000,0.0151427511100000]
[197.852661500000,0.0461827849100000]	[140.182653000000,0.0226080849100000]
[199.386376500000,0.0457444794400000]	[142.993368000000,0.0221697794400000]]