% function SS= taxlbss(s,samples,T1,T22)
%%  new
samples=[1040.85036516780	67.2047915387098
530.123099023739	97.4998991081866
86.2403504959979	34.7383337965484
450.988279911802	71.4126433898984
573.018698356827	74.8967379969024
392.865760080763	68.9626823075397
491.658934330154	9.40401766580050
1171.40924965800	2.77172326110741
887.368597280431	63.4215792968438
560.176356000946	2.10944655538023
298.396040433998	2.86410279162477
349.808972422703	32.7661028578035
136.044277112172	77.3116972983181
378.970054002760	25.3664869429129
399.864754687765	78.7834697513185
100.419353602329	87.7697872160025
361.980168926845	53.7539709845209
178.982243146213	73.2437598121368
322.899907677645	50.5721887847366
127.940464113405	75.5196241731708
78.7800750789419	72.0883274690434
187.597777859561	84.0918460089607
337.053158511552	32.3571153590998
402.591398937304	6.54787491980514
395.901098088732	65.4997670691689
837.167086108861	5.23358714171130
421.076981845462	17.2974605210086
121.377616611551	44.2574795058407
962.527908034296	79.8222874677705
338.763536666136	70.0781495006389
867.030717262191	2.27475612729982
424.706184573833	65.7154482484516
74.5873438281892	25.2638173087527
322.968021952274	36.1827226161914
910.804548990169	59.3424615968026
563.868553956023	54.0917093459979
563.516986698317	61.2982826572091
281.697066598888	81.7613008608465
57.8337044931593	80.7283710210431
1069.56116976279	3.41858471416207
503.985178677719	70.8034539980885
14.5079366791559	49.2872177247659
210.399676919529	70.8128775498108
753.031571404710	53.6189400029503
910.758294993051	88.8212596315824
852.408638072084	21.7190703225410
81.8078280375986	93.5670487752940
713.517248911483	59.0885765053298
536.473260736945	23.6344588802189
760.587236767320	76.4228430371301
236.508541559429	16.2905978600093
582.228841200823	41.2788402606062
15.5903280554873	73.7815233388261
1174.37210202659	34.5267847088288
376.428795165853	40.0598640401227
393.826993770357	67.8074888658759
583.092766103960	35.8184734763759
403.061786621714	93.6600839169314
940.006446060209	93.6776939812875
69.5922859034252	26.7456939706343
1094.02021035123	61.6642034872870
608.943265632642	72.3571804357884
199.824127986139	48.5307251197963
705.601265299068	13.1460799485555
490.074609322553	76.2809885266066
202.756516831346	17.4029730259274
496.095849530536	67.2535785764133
189.375783967039	44.5553740797119
692.908091858000	83.2930400567303
1086.93586958895	58.5600838983283
594.335410285694	47.2844121234396
21.3994838918337	94.0531723476981
403.719343212137	55.6066360699769
507.488194077212	4.54896133871183
1130.09252618564	35.8082466059745
1083.91291955318	33.0661319992399
123.305245354649	56.0466773906980
943.382068035221	69.1881191178944
262.154654294907	81.8739047433056
665.911426678046	84.5318939144968
479.546358293360	62.9859079855803
1045.11099854901	17.2191069483755
287.154901602029	1.29783200883958
292.369501165177	81.0811021076605
797.738891759071	69.6616744116404
148.941233692217	50.8670071751668
694.247951807099	49.7483980397323
169.056985583712	69.9758170596058
39.3230935566792	94.2977636125033
109.757150759557	79.5654611276940
1070.37084057457	96.9666126359458
657.692875147151	92.3865357113179
574.859549179629	53.2684906125623
1003.62161701731	21.9995839818619
1187.13575005781	70.9320819268895
985.952308695429	79.7139798943819
263.817170497562	81.9669888126420
25.1182501404272	42.8112723611994
466.282571754960	91.2592451955715
1093.64837287304	83.8825502061412
354.020703325387	13.1376197605569
179.515766817073	19.9631788920125
675.316543014881	35.4152392578818
1184.58877389156	9.23309923801625
989.770432342303	80.0026678247999
148.905921129923	55.2930130399044
447.883276824348	25.7900264261489
983.699118147707	33.1284565545589
1049.57528177056	66.1747492721862
115.812723932369	4.35686406917702
935.792672567374	67.6447524175474
1184.81189010450	56.7194758657079
1136.65431785761	36.7085837166988
289.798891922128	85.5226346463213
1050.45289678369	81.4631650070392
1035.14232541521	60.7953032891898
1016.50970157444	48.3483966435113
235.388155011350	49.1208882091010
218.556968053593	84.4708134245039
110.146140182603	96.3544915872503
784.066348845366	5.94781763797393
1177.08497727755	38.6874740138985
67.4456842167660	73.2987907897184
782.537304829192	18.7072090621386
898.725297000469	67.3188041675186
489.097305335379	39.8819813736115
138.104908163026	90.2620265763020
18.9513587363916	16.1803520812254
830.405281759810	11.8101614634857
46.6425314138984	56.9396707574247
369.053041169095	73.7360026508943
85.3105154156434	56.0438641923246
738.531215930266	70.4360158335861
691.623713884981	74.2737560290480
700.147767116422	92.3976583692078
790.475787115692	59.5801596625989
6.04081235762624	94.1134750545990
109.194798931993	26.6148703506300
355.860843932023	83.3691471700161
1080.23794094872	30.0518299413865
821.864417266854	34.8031467477111
1115.54777375361	48.4054156084513
174.849046486139	40.1967887605463
363.652020473317	2.75981979405830
405.452070469287	60.2792226292462
469.443530300879	1.97344345438317
2.67559711260570	39.8760518067374
984.527022960618	71.2497450833599
365.843372380319	5.85725715071617
481.357977110718	65.4111242207997
1042.26250666858	72.8715973661237
780.297636399902	70.0024214956988
211.999684802580	91.3515477546265
1176.52322076442	28.2534670422532
238.588532183697	49.6943483864749
151.610774800992	1.86986073740209
339.800023203407	20.7918265554580
783.954713239741	68.4799920783338
202.668890155007	8.69177472428160
526.408829668854	94.6140710952475
785.536363061937	72.6157634867764
856.193537521797	51.8570681745739
553.060492542121	88.8116608632418
383.858539067582	25.6435159891684
547.489834172965	90.8536264139792
872.095383584760	42.8638054491045
917.937953093231	59.9450008770122
346.481337292434	74.8188901903820
915.059222641858	54.5082991459960
478.147981891347	60.1243790852807
536.761117683924	60.2657742647961
880.262995118511	43.5821622170688
808.770581085195	70.1708995825939
334.294551874178	21.9772718838480
1005.04460287542	44.6778363728177
1159.15221014014	76.3096390657580
128.567710451096	48.6167343065164
704.527598432973	87.8031189916489
734.468548307249	73.6368001912650
572.297925078830	31.5337965580031
253.887615327768	26.1174826220039
591.842393460609	56.6591220300871
1077.18167600985	34.1439928872965
244.749080999869	99.8329849892632
285.235721506193	67.7124540625324
1132.85717831832	53.8864936375084
895.349829609478	37.8493886630832
204.505446269896	30.3444168586304
57.0903811120605	38.1306837480153
701.224129669490	82.4064408397014
134.484037506306	53.1756662540851
1013.70062734076	78.3611095820803
657.048180687307	91.2378179744416
383.757602739112	72.3421013866876
18.3353953783805	62.2417398394909
493.484170163430	17.2577599943531
107.855640561067	41.6452165378477
938.774218829266	1.26818227056326
262.814890596743	44.7058989522944
404.422897987756	55.2307870245077
980.811072064875	14.0386758910189
546.955604172460	24.7417878006536
463.752491509451	60.1615599931731
1044.66678986006	48.4812290362728
624.576572875120	31.6328345295273
465.208531786118	68.6756701596784
374.240800589605	71.9210206268569
854.210746430939	65.3354230516053
793.852160431937	64.3962802788455
735.645464099761	10.9923027466520
282.823735385700	52.3700941899194
808.458048949228	14.9314924874321
550.636013026845	85.9156873329754
879.797526728848	82.4495998735571
171.500960883587	25.1199277396952
777.994116373431	81.0535401297882
673.758208563761	86.8337838101043
655.165504362876	10.4696276345967
77.5239909515428	83.2964827210299
772.184085890158	35.2034436678515
651.154671332970	21.2019875138099
988.641154880600	13.3115862569098
276.688173375372	97.1885405665083
611.221557502364	92.6261932026385
752.827487531649	64.8815699579582
11.9257781745642	99.2288381565417
